   5.9753231e-04  -3.1551357e-04  -1.2220897e-04   6.1717832e-04  -4.5269250e-04  -5.2670866e-04   1.4203282e-03  -1.4391865e-03   8.2167712e-04  -2.7384224e-04   7.2435103e-05  -3.0047148e-05
   1.0069432e-03  -5.3225440e-04  -2.0701137e-04   1.0454474e-03  -7.6844768e-04  -8.9638214e-04   2.4222011e-03  -2.4597659e-03   1.4075726e-03  -4.7028400e-04   1.2475484e-04  -5.1941150e-05
   1.3848102e-03  -7.3230730e-04  -2.8564280e-04   1.4418515e-03  -1.0611516e-03  -1.2399451e-03   3.3547815e-03  -3.4115573e-03   1.9551529e-03  -6.5436478e-04   1.7393495e-04  -7.2596541e-05
   1.7211454e-03  -9.1050196e-04  -3.5601849e-04   1.7962081e-03  -1.3232824e-03  -1.5485257e-03   4.1939497e-03  -4.2698748e-03   2.4501475e-03  -8.2125125e-04   2.1866598e-04  -9.1446126e-05
   2.0179711e-03  -1.0678571e-03  -4.1840159e-04   2.1099554e-03  -1.5556842e-03  -1.8227678e-03   4.9407702e-03  -5.0350422e-03   2.8922693e-03  -9.7066848e-04   2.5881963e-04  -1.0840690e-04
   2.2736125e-03  -1.2034595e-03  -4.7233118e-04   2.3809164e-03  -1.7566103e-03  -2.0603570e-03   5.5885086e-03  -5.6996403e-03   3.2769047e-03  -1.1009223e-03   2.9390009e-04  -1.2325116e-04
   2.4861757e-03  -1.3162699e-03  -5.1731094e-04   2.6067218e-03  -1.9241941e-03  -2.2588581e-03   6.1301645e-03  -6.2560302e-03   3.5993425e-03  -1.2102966e-03   3.2340924e-04  -1.3575436e-04
   2.6537585e-03  -1.4052468e-03  -5.5285847e-04   2.7850579e-03  -2.0566323e-03  -2.4159426e-03   6.5591004e-03  -6.6970284e-03   3.8551761e-03  -1.2971933e-03   3.4688646e-04  -1.4571127e-04
   2.7747203e-03  -1.4694919e-03  -5.7856289e-04   2.9139490e-03  -2.1523949e-03  -2.5296413e-03   6.8697222e-03  -7.0165949e-03   4.0407087e-03  -1.3602740e-03   3.6394653e-04  -1.5295142e-04
   2.8478137e-03  -1.5083223e-03  -5.9411389e-04   2.9919008e-03  -2.2103288e-03  -2.5984724e-03   7.0578282e-03  -7.2102043e-03   4.1531706e-03  -1.3985356e-03   3.7430140e-04  -1.5734770e-04
   2.8722655e-03  -1.5213137e-03  -5.9931920e-04   3.0179888e-03  -2.2297206e-03  -2.6215195e-03   7.1208228e-03  -7.2750553e-03   4.1908500e-03  -1.4113592e-03   3.7777300e-04  -1.5882192e-04
   2.8478133e-03  -1.5083222e-03  -5.9411380e-04   2.9919006e-03  -2.2103288e-03  -2.5984724e-03   7.0578274e-03  -7.2102048e-03   4.1531705e-03  -1.3985356e-03   3.7430142e-04  -1.5734769e-04
   2.7747203e-03  -1.4694914e-03  -5.7856285e-04   2.9139482e-03  -2.1523949e-03  -2.5296413e-03   6.8697230e-03  -7.0165967e-03   4.0407090e-03  -1.3602739e-03   3.6394659e-04  -1.5295141e-04
   2.6537607e-03  -1.4052469e-03  -5.5285865e-04   2.7850585e-03  -2.0566323e-03  -2.4159425e-03   6.5591023e-03  -6.6970272e-03   3.8551753e-03  -1.2971933e-03   3.4688635e-04  -1.4571127e-04
   2.4861782e-03  -1.3162700e-03  -5.1731155e-04   2.6067221e-03  -1.9241941e-03  -2.2588580e-03   6.1301674e-03  -6.2560298e-03   3.5993388e-03  -1.2102965e-03   3.2340917e-04  -1.3575430e-04
   2.2736135e-03  -1.2034609e-03  -4.7233257e-04   2.3809145e-03  -1.7566103e-03  -2.0603570e-03   5.5885125e-03  -5.6996447e-03   3.2768985e-03  -1.1009223e-03   2.9390023e-04  -1.2325105e-04
   2.0179705e-03  -1.0678598e-03  -4.1840377e-04   2.1099513e-03  -1.5556842e-03  -1.8227678e-03   4.9407751e-03  -5.0350516e-03   2.8922608e-03  -9.7066845e-04   2.5881999e-04  -1.0840675e-04
   1.7211452e-03  -9.1050445e-04  -3.5602103e-04   1.7962038e-03  -1.3232824e-03  -1.5485256e-03   4.1939555e-03  -4.2698845e-03   2.4501359e-03  -8.2125123e-04   2.1866634e-04  -9.1445906e-05
   1.3848136e-03  -7.3231032e-04  -2.8564537e-04   1.4418502e-03  -1.0611516e-03  -1.2399450e-03   3.3547881e-03  -3.4115604e-03   1.9551412e-03  -6.5436476e-04   1.7393497e-04  -7.2596386e-05
   1.0069472e-03  -5.3225624e-04  -2.0701360e-04   1.0454453e-03  -7.6844768e-04  -8.9638209e-04   2.4222101e-03  -2.4597708e-03   1.4075641e-03  -4.7028399e-04   1.2475491e-04  -5.1941036e-05
   5.9753414e-04  -3.1551463e-04  -1.2221052e-04   6.1717539e-04  -4.5269249e-04  -5.2670864e-04   1.4203324e-03  -1.4391931e-03   8.2167002e-04  -2.7384223e-04   7.2435143e-05  -3.0047081e-05
