  -2.9267301e-04   7.1464164e-04   1.2867777e-05  -1.0230892e-03   7.4115723e-04   8.4116868e-04  -2.1261029e-03   1.9149409e-03  -7.2603220e-04   1.0639256e-03   3.1925781e-04   3.7471819e-05
  -4.9344466e-04   1.2057341e-03   2.1894059e-05  -1.7335229e-03   1.2582213e-03   1.4318159e-03  -3.6259719e-03   3.2718200e-03  -1.2458790e-03   1.8239882e-03   5.4656520e-04   6.3127364e-05
  -6.7893558e-04   1.6590215e-03   3.0341017e-05  -2.3913517e-03   1.7375968e-03   1.9808724e-03  -5.0221738e-03   4.5366190e-03  -1.7331544e-03   2.5339937e-03   7.5800783e-04   8.6327631e-05
  -8.4422040e-04   2.0627427e-03   3.7975514e-05  -2.9795991e-03   2.1669501e-03   2.4741159e-03  -6.2785721e-03   5.6766873e-03  -2.1748936e-03   3.1756535e-03   9.4834928e-04   1.0665651e-04
  -9.9024053e-04   2.4191848e-03   4.4804806e-05  -3.5005634e-03   2.5476448e-03   2.9125289e-03  -7.3967340e-03   6.6926512e-03  -2.5704291e-03   3.7485228e-03   1.1176655e-03   1.2431975e-04
  -1.1161206e-03   2.7262838e-03   5.0757415e-05  -3.9505688e-03   2.8768047e-03   3.2923821e-03  -8.3665614e-03   7.5748126e-03  -2.9152747e-03   4.2466715e-03   1.2644178e-03   1.3931996e-04
  -1.2208762e-03   2.9817075e-03   5.5757385e-05  -4.3256346e-03   3.1513601e-03   3.6097621e-03  -9.1775636e-03   8.3131614e-03  -3.2048768e-03   4.6640785e-03   1.3870379e-03   1.5164028e-04
  -1.3035220e-03   3.1831252e-03   5.9731795e-05  -4.6218842e-03   3.3683465e-03   3.8609326e-03  -9.8197971e-03   8.8982693e-03  -3.4349885e-03   4.9951325e-03   1.4840665e-03   1.6125511e-04
  -1.3632079e-03   3.3285322e-03   6.2618368e-05  -4.8360120e-03   3.5252493e-03   4.0427365e-03  -1.0284883e-02   9.3222045e-03  -3.6020481e-03   5.2351392e-03   1.5542862e-03   1.6814093e-04
  -1.3992874e-03   3.4164071e-03   6.4369893e-05  -4.9655202e-03   3.6201737e-03   4.1527990e-03  -1.0566530e-02   9.5790216e-03  -3.7033853e-03   5.3805881e-03   1.5967909e-03   1.7227977e-04
  -1.4113592e-03   3.4458054e-03   6.4957031e-05  -5.0088634e-03   3.6519474e-03   4.1896521e-03  -1.0660851e-02   9.6650407e-03  -3.7373499e-03   5.4293147e-03   1.6110216e-03   1.7366063e-04
  -1.3992872e-03   3.4164069e-03   6.4369860e-05  -4.9655198e-03   3.6201737e-03   4.1527990e-03  -1.0566529e-02   9.5790222e-03  -3.7033853e-03   5.3805880e-03   1.5967909e-03   1.7227980e-04
  -1.3632079e-03   3.3285313e-03   6.2618348e-05  -4.8360108e-03   3.5252493e-03   4.0427365e-03  -1.0284885e-02   9.3222065e-03  -3.6020484e-03   5.2351391e-03   1.5542864e-03   1.6814098e-04
  -1.3035230e-03   3.1831254e-03   5.9731842e-05  -4.6218852e-03   3.3683465e-03   3.8609327e-03  -9.8197997e-03   8.8982677e-03  -3.4349883e-03   4.9951323e-03   1.4840657e-03   1.6125519e-04
  -1.2208774e-03   2.9817078e-03   5.5757563e-05  -4.3256351e-03   3.1513601e-03   3.6097622e-03  -9.1775676e-03   8.3131607e-03  -3.2048747e-03   4.6640784e-03   1.3870372e-03   1.5164038e-04
  -1.1161211e-03   2.7262866e-03   5.0757836e-05  -3.9505659e-03   2.8768047e-03   3.2923822e-03  -8.3665668e-03   7.5748176e-03  -2.9152712e-03   4.2466713e-03   1.2644182e-03   1.3932006e-04
  -9.9024023e-04   2.4191903e-03   4.4805476e-05  -3.5005571e-03   2.5476448e-03   2.9125290e-03  -7.3967407e-03   6.6926621e-03  -2.5704241e-03   3.7485226e-03   1.1176672e-03   1.2431986e-04
  -8.4422033e-04   2.0627478e-03   3.7976300e-05  -2.9795925e-03   2.1669501e-03   2.4741159e-03  -6.2785802e-03   5.6766985e-03  -2.1748867e-03   3.1756532e-03   9.4835095e-04   1.0665661e-04
  -6.7893720e-04   1.6590276e-03   3.0341815e-05  -2.3913497e-03   1.7375968e-03   1.9808725e-03  -5.0221831e-03   4.5366225e-03  -1.7331474e-03   2.5339935e-03   7.5800757e-04   8.6327725e-05
  -4.9344650e-04   1.2057378e-03   2.1894753e-05  -1.7335197e-03   1.2582213e-03   1.4318159e-03  -3.6259845e-03   3.2718256e-03  -1.2458739e-03   1.8239880e-03   5.4656531e-04   6.3127441e-05
  -2.9267387e-04   7.1464382e-04   1.2868257e-05  -1.0230846e-03   7.4115724e-04   8.4116871e-04  -2.1261088e-03   1.9149486e-03  -7.2602795e-04   1.0639255e-03   3.1925787e-04   3.7471871e-05
