   1.4778445e-03  -3.1149977e-03  -2.7878104e-04   4.4388610e-03  -3.0171105e-03  -3.4484639e-03   9.4309024e-03  -8.2328572e-03   5.0310804e-03  -2.0689145e-03   4.8365199e-04  -4.0857096e-05
   2.4912835e-03  -5.2554167e-03  -4.7211603e-04   7.5208038e-03  -5.1221528e-03  -5.8704617e-03   1.6081917e-02  -1.4071919e-02   8.6178129e-03  -3.5532355e-03   8.3319728e-04  -7.0621019e-05
   3.4273470e-03  -7.2309713e-03  -6.5136628e-04   1.0374318e-02  -7.0738936e-03  -8.1223377e-03   2.2271975e-02  -1.9518137e-02   1.1969575e-02  -4.9440752e-03   1.1618940e-03  -9.8753045e-05
   4.2612196e-03  -8.9904275e-03  -8.1180489e-04   1.2925826e-02  -8.8221003e-03  -1.0145699e-02   2.7841145e-02  -2.4430187e-02   1.4999108e-02  -6.2048458e-03   1.4609636e-03  -1.2449503e-04
   4.9977233e-03  -1.0543784e-02  -9.5404583e-04   1.5185370e-02  -1.0372289e-02  -1.1944460e-02   3.2796759e-02  -2.8809741e-02   1.7704778e-02  -7.3334584e-03   1.7295112e-03  -1.4772895e-04
   5.6325068e-03  -1.1882069e-02  -1.0770380e-03   1.7137061e-02  -1.1712712e-02  -1.3503208e-02   3.7094377e-02  -3.2614144e-02   2.0058451e-02  -8.3171498e-03   1.9641901e-03  -1.6812650e-04
   6.1606675e-03  -1.2995137e-02  -1.1796417e-03   1.8763680e-02  -1.2830833e-02  -1.4805773e-02   4.0687784e-02  -3.5799471e-02   2.2031389e-02  -9.1430176e-03   2.1616407e-03  -1.8535617e-04
   6.5772910e-03  -1.3872847e-02  -1.2607458e-03   2.0048447e-02  -1.3714545e-02  -1.5836725e-02   4.3533154e-02  -3.8324411e-02   2.3596704e-02  -9.7990651e-03   2.3187572e-03  -1.9911036e-04
   6.8781376e-03  -1.4506473e-02  -1.3194017e-03   2.0977053e-02  -1.4353579e-02  -1.6583019e-02   4.5593549e-02  -4.0154220e-02   2.4731837e-02  -1.0275251e-02   2.4329428e-03  -2.0913074e-04
   7.0599818e-03  -1.4889394e-02  -1.3548922e-03   2.1538682e-02  -1.4740197e-02  -1.7034846e-02   4.6841228e-02  -4.1262861e-02   2.5419887e-02  -1.0564059e-02   2.5022553e-03  -2.1522312e-04
   7.1208228e-03  -1.5017499e-02  -1.3667724e-03   2.1726645e-02  -1.4869610e-02  -1.7186139e-02   4.7259052e-02  -4.1634219e-02   2.5650410e-02  -1.0660851e-02   2.5254941e-03  -2.1726745e-04
   7.0599809e-03  -1.4889393e-02  -1.3548919e-03   2.1538681e-02  -1.4740197e-02  -1.7034846e-02   4.6841223e-02  -4.1262864e-02   2.5419887e-02  -1.0564059e-02   2.5022553e-03  -2.1522312e-04
   6.8781376e-03  -1.4506469e-02  -1.3194016e-03   2.0977048e-02  -1.4353579e-02  -1.6583019e-02   4.5593554e-02  -4.0154229e-02   2.4731838e-02  -1.0275251e-02   2.4329431e-03  -2.0913075e-04
   6.5772961e-03  -1.3872848e-02  -1.2607463e-03   2.0048451e-02  -1.3714545e-02  -1.5836725e-02   4.3533166e-02  -3.8324404e-02   2.3596700e-02  -9.7990647e-03   2.3187565e-03  -1.9911040e-04
   6.1606735e-03  -1.2995138e-02  -1.1796435e-03   1.8763682e-02  -1.2830833e-02  -1.4805773e-02   4.0687803e-02  -3.5799469e-02   2.2031369e-02  -9.1430171e-03   2.1616401e-03  -1.8535612e-04
   5.6325092e-03  -1.1882081e-02  -1.0770422e-03   1.7137049e-02  -1.1712712e-02  -1.3503208e-02   3.7094401e-02  -3.2614167e-02   2.0058417e-02  -8.3171493e-03   1.9641909e-03  -1.6812640e-04
   4.9977218e-03  -1.0543808e-02  -9.5405240e-04   1.5185342e-02  -1.0372289e-02  -1.1944460e-02   3.2796789e-02  -2.8809791e-02   1.7704731e-02  -7.3334579e-03   1.7295134e-03  -1.4772880e-04
   4.2612193e-03  -8.9904497e-03  -8.1181259e-04   1.2925797e-02  -8.8221003e-03  -1.0145699e-02   2.7841181e-02  -2.4430239e-02   1.4999043e-02  -6.2048453e-03   1.4609657e-03  -1.2449478e-04
   3.4273551e-03  -7.2309981e-03  -6.5137408e-04   1.0374310e-02  -7.0738936e-03  -8.1223376e-03   2.2272017e-02  -1.9518153e-02   1.1969510e-02  -4.9440748e-03   1.1618939e-03  -9.8752886e-05
   2.4912927e-03  -5.2554331e-03  -4.7212280e-04   7.5207896e-03  -5.1221528e-03  -5.8704616e-03   1.6081974e-02  -1.4071945e-02   8.6177650e-03  -3.5532352e-03   8.3319759e-04  -7.0620907e-05
   1.4778489e-03  -3.1150071e-03  -2.7878572e-04   4.4388413e-03  -3.0171105e-03  -3.4484639e-03   9.4309292e-03  -8.2328925e-03   5.0310406e-03  -2.0689143e-03   4.8365218e-04  -4.0857033e-05
