  -1.5099072e-03   3.1036397e-03   3.7038623e-04  -4.4461091e-03   2.7489121e-03   3.6376764e-03  -8.3004999e-03   8.9328201e-03  -4.5442992e-03   1.8782397e-03  -6.0890274e-04   9.0678541e-05
  -2.5453292e-03   5.2363053e-03   6.2714769e-04  -7.5331855e-03   4.6659681e-03   6.1906576e-03  -1.4156711e-02   1.5265405e-02  -7.7863012e-03   3.2247652e-03  -1.0486914e-03   1.5692273e-04
  -3.5016867e-03   7.2047271e-03   8.6511004e-04  -1.0391494e-02   6.4429157e-03   8.5630953e-03  -1.9608702e-02   2.1169899e-02  -1.0817444e-02   4.4859338e-03  -1.4619999e-03   2.1957325e-04
  -4.3536253e-03   8.9578473e-03   1.0780052e-03  -1.2947315e-02   8.0341451e-03   1.0693715e-02  -2.4515329e-02   2.6493420e-02  -1.3558530e-02   5.6287174e-03  -1.8378081e-03   2.7689895e-04
  -5.1060731e-03   1.0505620e-02   1.2666721e-03  -1.5210690e-02   9.4448388e-03   1.2587007e-02  -2.8882581e-02   3.1238352e-02  -1.6007644e-02   6.6513996e-03  -2.1750502e-03   3.2861168e-04
  -5.7545882e-03   1.1839100e-02   1.4297427e-03  -1.7165696e-02   1.0664430e-02   1.4227058e-02  -3.2670868e-02   3.5359007e-02  -1.8138933e-02   7.5425462e-03  -2.4695889e-03   3.7397688e-04
  -6.2941657e-03   1.2948174e-02   1.5657332e-03  -1.8795078e-02   1.1681614e-02   1.5597136e-02  -3.5839050e-02   3.8808311e-02  -1.9926020e-02   8.2905745e-03  -2.7172778e-03   4.1226529e-04
  -6.7197894e-03   1.3822737e-02   1.6731970e-03  -2.0082027e-02   1.2485463e-02   1.6681251e-02  -3.8348129e-02   4.1541974e-02  -2.1344240e-02   8.8847021e-03  -2.9142875e-03   4.4280726e-04
  -7.0271319e-03   1.4454091e-02   1.7508993e-03  -2.1012209e-02   1.3066699e-02   1.7465881e-02  -4.0165236e-02   4.3522756e-02  -2.2372898e-02   9.3158988e-03  -3.0574197e-03   4.6504427e-04
  -7.2129013e-03   1.4835640e-02   1.7979069e-03  -2.1574791e-02   1.3418329e-02   1.7940858e-02  -4.1265684e-02   4.4722751e-02  -2.2996488e-02   9.5774027e-03  -3.1442843e-03   4.7855845e-04
  -7.2750553e-03   1.4963286e-02   1.8136412e-03  -2.1763073e-02   1.3536028e-02   1.8099893e-02  -4.1634219e-02   4.5124689e-02  -2.3205427e-02   9.6650407e-03  -3.1734048e-03   4.8309220e-04
  -7.2129004e-03   1.4835639e-02   1.7979066e-03  -2.1574790e-02   1.3418329e-02   1.7940858e-02  -4.1265679e-02   4.4722754e-02  -2.2996487e-02   9.5774025e-03  -3.1442843e-03   4.7855848e-04
  -7.0271320e-03   1.4454088e-02   1.7508991e-03  -2.1012203e-02   1.3066699e-02   1.7465881e-02  -4.0165240e-02   4.3522766e-02  -2.2372899e-02   9.3158985e-03  -3.0574200e-03   4.6504434e-04
  -6.7197946e-03   1.3822737e-02   1.6731976e-03  -2.0082031e-02   1.2485463e-02   1.6681251e-02  -3.8348139e-02   4.1541966e-02  -2.1344236e-02   8.8847016e-03  -2.9142865e-03   4.4280742e-04
  -6.2941717e-03   1.2948176e-02   1.5657354e-03  -1.8795080e-02   1.1681614e-02   1.5597136e-02  -3.5839066e-02   3.8808308e-02  -1.9926003e-02   8.2905740e-03  -2.7172769e-03   4.1226529e-04
  -5.7545906e-03   1.1839112e-02   1.4297477e-03  -1.7165683e-02   1.0664430e-02   1.4227058e-02  -3.2670889e-02   3.5359032e-02  -1.8138904e-02   7.5425456e-03  -2.4695898e-03   3.7397677e-04
  -5.1060716e-03   1.0505644e-02   1.2666802e-03  -1.5210663e-02   9.4448388e-03   1.2587007e-02  -2.8882608e-02   3.1238405e-02  -1.6007603e-02   6.6513989e-03  -2.1750527e-03   3.2861146e-04
  -4.3536250e-03   8.9578694e-03   1.0780147e-03  -1.2947286e-02   8.0341451e-03   1.0693715e-02  -2.4515361e-02   2.6493475e-02  -1.3558475e-02   5.6287167e-03  -1.8378106e-03   2.7689852e-04
  -3.5016950e-03   7.2047537e-03   8.6511959e-04  -1.0391486e-02   6.4429157e-03   8.5630954e-03  -1.9608738e-02   2.1169916e-02  -1.0817387e-02   4.4859333e-03  -1.4619997e-03   2.1957300e-04
  -2.5453386e-03   5.2363216e-03   6.2715599e-04  -7.5331713e-03   4.6659681e-03   6.1906577e-03  -1.4156760e-02   1.5265433e-02  -7.7862601e-03   3.2247647e-03  -1.0486917e-03   1.5692257e-04
  -1.5099116e-03   3.1036491e-03   3.7039197e-04  -4.4460894e-03   2.7489122e-03   3.6376764e-03  -8.3005232e-03   8.9328575e-03  -4.5442649e-03   1.8782394e-03  -6.0890290e-04   9.0678458e-05
