   7.8523826e-05  -1.4497766e-04  -1.2572758e-05   2.0985480e-04  -1.7114385e-04  -1.3939945e-04   5.0329166e-04  -6.2744070e-04   2.9632123e-04   3.2150553e-04   7.1695829e-04   2.5768287e-04
   1.3233067e-04  -2.4457558e-04  -2.1273457e-05   3.5552756e-04  -2.9057529e-04  -2.3721725e-04   8.5846084e-04  -1.0725418e-03   5.0641768e-04   5.4930456e-04   1.2305277e-03   4.4228618e-04
   1.8200478e-04  -3.3649158e-04  -2.9330829e-05   4.9038921e-04  -4.0132278e-04  -3.2812258e-04   1.1891590e-03  -1.4877153e-03   7.0205187e-04   7.6086770e-04   1.7103347e-03   6.1446477e-04
   2.2623478e-04  -4.1834527e-04  -3.6535237e-05   6.1096761e-04  -5.0053251e-04  -4.0977282e-04   1.4868118e-03  -1.8621656e-03   8.7828965e-04   9.5098404e-04   2.1441055e-03   7.6989978e-04
   2.6528443e-04  -4.9060561e-04  -4.2917576e-05   7.1774283e-04  -5.8851300e-04  -4.8234113e-04   1.7517674e-03  -2.1960062e-03   1.0352500e-03   1.1198801e-03   2.5314102e-03   9.0847829e-04
   2.9892931e-04  -5.5285774e-04  -4.8432950e-05   8.0996723e-04  -6.6459414e-04  -5.4521523e-04   1.9816135e-03  -2.4859842e-03   1.1714716e-03   1.2661165e-03   2.8682003e-03   1.0288177e-03
   3.2691503e-04  -6.0463158e-04  -5.3031966e-05   8.8682915e-04  -7.2806151e-04  -5.9774948e-04   2.1738461e-03  -2.7287567e-03   1.2854399e-03   1.3882085e-03   3.1503865e-03   1.1295247e-03
   3.4898574e-04  -6.4545670e-04  -5.6666092e-05   9.4753691e-04  -7.7822566e-04  -6.3932572e-04   2.3260927e-03  -2.9211834e-03   1.3757255e-03   1.4847612e-03   3.3741770e-03   1.2093110e-03
   3.6492048e-04  -6.7492813e-04  -5.9293743e-05   9.9141505e-04  -8.1450187e-04  -6.6942071e-04   2.4363546e-03  -3.0606256e-03   1.4411258e-03   1.5546066e-03   3.5364076e-03   1.2671053e-03
   3.7455102e-04  -6.9273848e-04  -6.0883397e-05   1.0179529e-03  -8.3644958e-04  -6.8764045e-04   2.5031309e-03  -3.1451070e-03   1.4807384e-03   1.5968725e-03   3.6347178e-03   1.3021091e-03
   3.7777300e-04  -6.9869682e-04  -6.1415483e-05   1.0268344e-03  -8.4379623e-04  -6.9374119e-04   2.5254941e-03  -3.1734048e-03   1.4940052e-03   1.6110216e-03   3.6676510e-03   1.3138322e-03
   3.7455097e-04  -6.9273843e-04  -6.0883382e-05   1.0179528e-03  -8.3644958e-04  -6.8764045e-04   2.5031306e-03  -3.1451072e-03   1.4807384e-03   1.5968725e-03   3.6347178e-03   1.3021091e-03
   3.6492048e-04  -6.7492795e-04  -5.9293734e-05   9.9141480e-04  -8.1450187e-04  -6.6942072e-04   2.4363549e-03  -3.0606262e-03   1.4411260e-03   1.5546067e-03   3.5364078e-03   1.2671054e-03
   3.4898601e-04  -6.4545673e-04  -5.6666113e-05   9.4753711e-04  -7.7822566e-04  -6.3932573e-04   2.3260933e-03  -2.9211828e-03   1.3757254e-03   1.4847612e-03   3.3741759e-03   1.2093113e-03
   3.2691534e-04  -6.0463164e-04  -5.3032044e-05   8.8682924e-04  -7.2806151e-04  -5.9774949e-04   2.1738470e-03  -2.7287564e-03   1.2854390e-03   1.3882086e-03   3.1503855e-03   1.1295243e-03
   2.9892943e-04  -5.5285831e-04  -4.8433136e-05   8.0996664e-04  -6.6459415e-04  -5.4521525e-04   1.9816148e-03  -2.4859858e-03   1.1714701e-03   1.2661165e-03   2.8682009e-03   1.0288168e-03
   2.6528435e-04  -4.9060672e-04  -4.2917871e-05   7.1774153e-04  -5.8851301e-04  -4.8234115e-04   1.7517690e-03  -2.1960098e-03   1.0352479e-03   1.1198802e-03   2.5314125e-03   9.0847697e-04
   2.2623476e-04  -4.1834630e-04  -3.6535583e-05   6.1096627e-04  -5.0053251e-04  -4.0977284e-04   1.4868137e-03  -1.8621693e-03   8.7828674e-04   9.5098411e-04   2.1441078e-03   7.6989772e-04
   1.8200520e-04  -3.3649283e-04  -2.9331180e-05   4.9038880e-04  -4.0132279e-04  -3.2812259e-04   1.1891612e-03  -1.4877165e-03   7.0204893e-04   7.6086777e-04   1.7103343e-03   6.1446339e-04
   1.3233115e-04  -2.4457634e-04  -2.1273762e-05   3.5552690e-04  -2.9057530e-04  -2.3721726e-04   8.5846385e-04  -1.0725436e-03   5.0641554e-04   5.4930462e-04   1.2305278e-03   4.4228520e-04
   7.8524052e-05  -1.4497810e-04  -1.2572969e-05   2.0985387e-04  -1.7114386e-04  -1.3939946e-04   5.0329308e-04  -6.2744326e-04   2.9631943e-04   3.2150556e-04   7.1695834e-04   2.5768231e-04
