  -3.3064797e-05   2.8109691e-05   2.5281150e-05  -4.1108224e-05   4.6355426e-07   3.1290919e-05  -4.3391164e-05   9.5177326e-05  -1.5401254e-04   3.6994811e-05   2.6554965e-04   1.5285926e-03
  -5.5708859e-05   4.7412069e-05   4.2769847e-05  -6.9626345e-05   7.5029427e-07   5.3211457e-05  -7.3962943e-05   1.6281069e-04  -2.6393138e-04   6.2367605e-05   4.5286884e-04   2.6284705e-03
  -7.6603259e-05   6.5220610e-05   5.8950844e-05  -9.6017471e-05   9.9728199e-07   7.3559682e-05  -1.0240834e-04   2.2596802e-04  -3.6669834e-04   8.5437322e-05   6.2601386e-04   3.6577830e-03
  -9.5197529e-05   8.1075313e-05   7.3401855e-05  -1.1960454e-04   1.2039361e-06   9.1815952e-05  -1.2799874e-04   2.8299165e-04  -4.5961553e-04   1.0575793e-04   7.8093594e-04   4.5901682e-03
  -1.1160542e-04   9.5068686e-05   8.6187600e-05  -1.4048483e-04   1.3775229e-06   1.0802604e-04  -1.5077218e-04   3.3387725e-04  -5.4261309e-04   1.2350981e-04   9.1802867e-04   5.4240032e-03
  -1.2573549e-04   1.0712167e-04   9.7222643e-05  -1.5851479e-04   1.5212377e-06   1.2205908e-04  -1.7052556e-04   3.7811121e-04  -6.1481770e-04   1.3866334e-04   1.0363212e-03   6.1500775e-03
  -1.3748385e-04   1.1714435e-04   1.0641368e-04  -1.7353805e-04   1.6371281e-06   1.3377628e-04  -1.8704583e-04   4.1516788e-04  -6.7534279e-04   1.5116803e-04   1.1347942e-03   6.7591231e-03
  -1.4674581e-04   1.2504656e-04   1.1366927e-04  -1.8540177e-04   1.7264148e-06   1.4304431e-04  -2.0012996e-04   4.4455458e-04  -7.2336188e-04   1.6096576e-04   1.2124836e-03   7.2425684e-03
  -1.5343098e-04   1.3075061e-04   1.1891139e-04  -1.9397547e-04   1.7898153e-06   1.4975021e-04  -2.0960623e-04   4.6585769e-04  -7.5818324e-04   1.6800457e-04   1.2685821e-03   7.5932667e-03
  -1.5747057e-04   1.3419751e-04   1.2208105e-04  -1.9916047e-04   1.8277270e-06   1.5380890e-04  -2.1534538e-04   4.7876744e-04  -7.7928929e-04   1.7224450e-04   1.3024887e-03   7.8058789e-03
  -1.5882192e-04   1.3535061e-04   1.2314172e-04  -2.0089567e-04   1.8403449e-06   1.5516774e-04  -2.1726745e-04   4.8309220e-04  -7.8636050e-04   1.7366063e-04   1.3138322e-03   7.8771196e-03
  -1.5747055e-04   1.3419750e-04   1.2208103e-04  -1.9916045e-04   1.8277269e-06   1.5380890e-04  -2.1534536e-04   4.7876746e-04  -7.7928928e-04   1.7224450e-04   1.3024887e-03   7.8058791e-03
  -1.5343098e-04   1.3075057e-04   1.1891138e-04  -1.9397543e-04   1.7898150e-06   1.4975021e-04  -2.0960626e-04   4.6585778e-04  -7.5818329e-04   1.6800457e-04   1.2685823e-03   7.5932670e-03
  -1.4674592e-04   1.2504657e-04   1.1366931e-04  -1.8540181e-04   1.7264144e-06   1.4304431e-04  -2.0013002e-04   4.4455449e-04  -7.2336178e-04   1.6096575e-04   1.2124830e-03   7.2425697e-03
  -1.3748398e-04   1.1714436e-04   1.0641380e-04  -1.7353807e-04   1.6371276e-06   1.3377628e-04  -1.8704592e-04   4.1516783e-04  -6.7534220e-04   1.5116803e-04   1.1347937e-03   6.7591217e-03
  -1.2573554e-04   1.0712178e-04   9.7222914e-05  -1.5851468e-04   1.5212371e-06   1.2205909e-04  -1.7052567e-04   3.7811146e-04  -6.1481672e-04   1.3866334e-04   1.0363217e-03   6.1500742e-03
  -1.1160538e-04   9.5068895e-05   8.6188030e-05  -1.4048458e-04   1.3775223e-06   1.0802605e-04  -1.5077232e-04   3.3387780e-04  -5.4261173e-04   1.2350981e-04   9.1803006e-04   5.4239980e-03
  -9.5197521e-05   8.1075507e-05   7.3402357e-05  -1.1960429e-04   1.2039355e-06   9.1815957e-05  -1.2799891e-04   2.8299222e-04  -4.5961366e-04   1.0575793e-04   7.8093728e-04   4.5901599e-03
  -7.6603433e-05   6.5220845e-05   5.8951353e-05  -9.6017397e-05   9.9728147e-07   7.3559687e-05  -1.0240853e-04   2.2596819e-04  -3.6669646e-04   8.5437322e-05   6.2601371e-04   3.6577775e-03
  -5.5709057e-05   4.7412212e-05   4.2770289e-05  -6.9626222e-05   7.5029387e-07   5.3211461e-05  -7.3963205e-05   1.6281097e-04  -2.6393000e-04   6.2367605e-05   4.5286896e-04   2.6284667e-03
  -3.3064889e-05   2.8109773e-05   2.5281455e-05  -4.1108050e-05   4.6355402e-07   3.1290921e-05  -4.3391288e-05   9.5177720e-05  -1.5401139e-04   3.6994812e-05   2.6554972e-04   1.5285904e-03
