  -3.1352808e-04   1.4639055e-03   3.0992022e-04  -1.6416801e-03   9.0752807e-04   1.3191378e-03  -2.9956707e-03   2.9602366e-03  -1.7945342e-03   6.6870186e-04  -1.3374695e-04   2.5631295e-05
  -5.2919220e-04   2.4698582e-03   5.2421595e-04  -2.7818594e-03   1.5402138e-03   2.2451727e-03  -5.1086272e-03   5.0593501e-03  -3.0741874e-03   1.1484230e-03  -2.3039952e-04   4.4279705e-05
  -7.2883505e-04   3.3982960e-03   7.2242455e-04  -3.8377270e-03   2.1265490e-03   3.1058661e-03  -7.0753880e-03   7.0169536e-03  -4.2701755e-03   1.5979335e-03  -3.2129941e-04   6.1867450e-05
  -9.0708672e-04   4.2251193e-03   8.9938452e-04  -4.7820072e-03   2.6515172e-03   3.8789553e-03  -8.8451118e-03   8.7822949e-03  -5.3513166e-03   2.0054181e-03  -4.0402432e-04   7.7918004e-05
  -1.0648434e-03   4.9550238e-03   1.0559071e-03  -5.6183528e-03   3.1168665e-03   4.5660239e-03  -1.0420065e-02   1.0356053e-02  -6.3169742e-03   2.3702052e-03  -4.7832644e-04   9.2364476e-05
  -1.2010561e-03   5.5838069e-03   1.1909625e-03  -6.3408337e-03   3.5191378e-03   5.1612604e-03  -1.1786059e-02   1.1722973e-02  -7.1570673e-03   2.6881675e-03  -5.4327559e-04   1.0501345e-04
  -1.3145627e-03   6.1067235e-03   1.3034244e-03  -6.9430348e-03   3.8546228e-03   5.6585605e-03  -1.2928336e-02   1.2867345e-02  -7.8613070e-03   2.9551294e-03  -5.9793563e-04   1.1567234e-04
  -1.4042104e-03   6.5190340e-03   1.3921877e-03  -7.4187112e-03   4.1197317e-03   6.0520931e-03  -1.3832903e-02   1.3774389e-02  -8.4200707e-03   3.1672066e-03  -6.4143974e-04   1.2416405e-04
  -1.4690068e-03   6.8166640e-03   1.4563095e-03  -7.7625398e-03   4.3114157e-03   6.3369293e-03  -1.4487961e-02   1.4431678e-02  -8.8252878e-03   3.3211465e-03  -6.7306221e-04   1.3034090e-04
  -1.5081973e-03   6.9965229e-03   1.4950772e-03  -7.9704978e-03   4.4273762e-03   6.5093617e-03  -1.4884652e-02   1.4829898e-02  -9.0709114e-03   3.4145137e-03  -6.9225989e-04   1.3409243e-04
  -1.5213137e-03   7.0566925e-03   1.5080495e-03  -8.0400972e-03   4.4661902e-03   6.5670976e-03  -1.5017499e-02   1.4963286e-02  -9.1532054e-03   3.4458054e-03  -6.9869682e-04   1.3535061e-04
  -1.5081971e-03   6.9965224e-03   1.4950770e-03  -7.9704973e-03   4.4273762e-03   6.5093617e-03  -1.4884650e-02   1.4829899e-02  -9.0709113e-03   3.4145137e-03  -6.9225991e-04   1.3409244e-04
  -1.4690068e-03   6.8166621e-03   1.4563093e-03  -7.7625379e-03   4.3114157e-03   6.3369294e-03  -1.4487963e-02   1.4431681e-02  -8.8252883e-03   3.3211464e-03  -6.7306230e-04   1.3034090e-04
  -1.4042116e-03   6.5190344e-03   1.3921880e-03  -7.4187129e-03   4.1197317e-03   6.0520931e-03  -1.3832906e-02   1.3774387e-02  -8.4200693e-03   3.1672064e-03  -6.4143955e-04   1.2416408e-04
  -1.3145640e-03   6.1067241e-03   1.3034257e-03  -6.9430356e-03   3.8546227e-03   5.6585605e-03  -1.2928342e-02   1.2867344e-02  -7.8612997e-03   2.9551293e-03  -5.9793548e-04   1.1567232e-04
  -1.2010566e-03   5.5838130e-03   1.1909656e-03  -6.3408292e-03   3.5191377e-03   5.1612604e-03  -1.1786066e-02   1.1722982e-02  -7.1570552e-03   2.6881673e-03  -5.4327581e-04   1.0501340e-04
  -1.0648431e-03   4.9550356e-03   1.0559120e-03  -5.6183428e-03   3.1168665e-03   4.5660239e-03  -1.0420075e-02   1.0356071e-02  -6.3169574e-03   2.3702049e-03  -4.7832704e-04   9.2364396e-05
  -9.0708665e-04   4.2251302e-03   8.9939030e-04  -4.7819969e-03   2.6515172e-03   3.8789554e-03  -8.8451231e-03   8.7823131e-03  -5.3512937e-03   2.0054179e-03  -4.0402490e-04   7.7917872e-05
  -7.2883688e-04   3.3983091e-03   7.2243041e-04  -3.8377238e-03   2.1265490e-03   3.1058661e-03  -7.0754010e-03   7.0169595e-03  -4.2701523e-03   1.5979333e-03  -3.2129940e-04   6.1867366e-05
  -5.2919427e-04   2.4698662e-03   5.2422104e-04  -2.7818543e-03   1.5402138e-03   2.2451728e-03  -5.1086448e-03   5.0593592e-03  -3.0741705e-03   1.1484228e-03  -2.3039961e-04   4.4279647e-05
  -3.1352905e-04   1.4639101e-03   3.0992375e-04  -1.6416729e-03   9.0752806e-04   1.3191378e-03  -2.9956790e-03   2.9602491e-03  -1.7945201e-03   6.6870177e-04  -1.3374700e-04   2.5631263e-05
