  -1.2341359e-04   3.1372067e-04   4.1499884e-04   9.3923467e-05   3.5199706e-05  -1.1389801e-05  -2.7266175e-04   3.5867437e-04  -1.6915747e-04   1.2542357e-05  -1.1837626e-05   2.3311691e-05
  -2.0838882e-04   5.2903774e-04   7.0158986e-04   1.5896684e-04   5.9393406e-05  -1.9580157e-05  -4.6498264e-04   6.1309624e-04  -2.8977365e-04   2.1523769e-05  -2.0368410e-05   4.0304066e-05
  -2.8707302e-04   7.2758594e-04   9.6640995e-04   2.1903099e-04   8.1607442e-05  -2.7273064e-05  -6.4399380e-04   8.5039349e-04  -4.0250367e-04   2.9952191e-05  -2.8374082e-05   5.6332128e-05
  -3.5733235e-04   9.0424246e-04   1.2026042e-03   2.7257648e-04   1.0132037e-04  -3.4234506e-05  -8.0506511e-04   1.0643970e-03  -5.0441052e-04   3.7613641e-05  -3.5643772e-05   7.0953296e-05
  -4.1950757e-04   1.0600642e-03   1.4113308e-03   3.1985361e-04   1.1866353e-04  -4.0446442e-05  -9.4840296e-04   1.2551767e-03  -5.9543501e-04   4.4496014e-05  -4.2160306e-05   8.4102786e-05
  -4.7318173e-04   1.1942006e-03   1.5912849e-03   3.6057402e-04   1.3355999e-04  -4.5839009e-05  -1.0727172e-03   1.4208783e-03  -6.7462699e-04   5.0516749e-05  -4.7846479e-05   9.5605267e-05
  -5.1789853e-04   1.3056835e-03   1.7410303e-03   3.9442618e-04   1.4591758e-04  -5.0347669e-05  -1.1766670e-03   1.5595962e-03  -7.4101546e-04   5.5589159e-05  -5.2624597e-05   1.0528883e-04
  -5.5320796e-04   1.3935411e-03   1.8591538e-03   4.2110666e-04   1.5564170e-04  -5.3915665e-05  -1.2589811e-03   1.6695408e-03  -7.9369196e-04   5.9630773e-05  -5.6422816e-05   1.1299692e-04
  -5.7872432e-04   1.4569375e-03   1.9444483e-03   4.4035862e-04   1.6265044e-04  -5.6497443e-05  -1.3185883e-03   1.7492087e-03  -8.3189430e-04   6.2571381e-05  -5.9181085e-05   1.1859991e-04
  -5.9415513e-04   1.4952381e-03   1.9960020e-03   4.5198919e-04   1.6688151e-04  -5.8059896e-05  -1.3546844e-03   1.7974745e-03  -8.5505132e-04   6.4357812e-05  -6.0854555e-05   1.2200127e-04
  -5.9931920e-04   1.5080495e-03   2.0132500e-03   4.5587943e-04   1.6829624e-04  -5.8582958e-05  -1.3667724e-03   1.8136412e-03  -8.6280989e-04   6.4957031e-05  -6.1415483e-05   1.2314172e-04
  -5.9415506e-04   1.4952380e-03   1.9960017e-03   4.5198921e-04   1.6688151e-04  -5.8059926e-05  -1.3546842e-03   1.7974747e-03  -8.5505126e-04   6.4357827e-05  -6.0854565e-05   1.2200126e-04
  -5.7872435e-04   1.4569371e-03   1.9444482e-03   4.4035864e-04   1.6265043e-04  -5.6497501e-05  -1.3185886e-03   1.7492093e-03  -8.3189430e-04   6.2571411e-05  -5.9181112e-05   1.1859989e-04
  -5.5320842e-04   1.3935412e-03   1.8591546e-03   4.2110676e-04   1.5564169e-04  -5.3915749e-05  -1.2589816e-03   1.6695404e-03  -7.9369162e-04   5.9630816e-05  -5.6422808e-05   1.1299691e-04
  -5.1789906e-04   1.3056836e-03   1.7410327e-03   3.9442628e-04   1.4591756e-04  -5.0347775e-05  -1.1766678e-03   1.5595961e-03  -7.4101419e-04   5.5589214e-05  -5.2624600e-05   1.0528876e-04
  -4.7318197e-04   1.1942018e-03   1.5912902e-03   3.6057407e-04   1.3355997e-04  -4.5839130e-05  -1.0727183e-03   1.4208799e-03  -6.7462498e-04   5.0516811e-05  -4.7846542e-05   9.5605159e-05
  -4.1950748e-04   1.0600666e-03   1.4113391e-03   3.1985360e-04   1.1866351e-04  -4.0446573e-05  -9.4840435e-04   1.2551799e-03  -5.9543228e-04   4.4496081e-05  -4.2160429e-05   8.4102642e-05
  -3.5733236e-04   9.0424469e-04   1.2026139e-03   2.7257647e-04   1.0132035e-04  -3.4234637e-05  -8.0506675e-04   1.0644003e-03  -5.0440686e-04   3.7613708e-05  -3.5643892e-05   7.0953098e-05
  -2.8707374e-04   7.2758863e-04   9.6641976e-04   2.1903106e-04   8.1607424e-05  -2.7273185e-05  -6.4399568e-04   8.5039463e-04  -4.0249998e-04   2.9952254e-05  -2.8374111e-05   5.6331984e-05
  -2.0838963e-04   5.2903939e-04   7.0159838e-04   1.5896687e-04   5.9393391e-05  -1.9580257e-05  -4.6498516e-04   6.1309794e-04  -2.8977094e-04   2.1523821e-05  -2.0368448e-05   4.0303959e-05
  -1.2341397e-04   3.1372163e-04   4.1500473e-04   9.3923440e-05   3.5199696e-05  -1.1389869e-05  -2.7266295e-04   3.5867662e-04  -1.6915525e-04   1.2542392e-05  -1.1837651e-05   2.3311627e-05
