   6.2587621e-04  -1.6664854e-03   9.6524952e-05   2.7373727e-03  -1.2317979e-03  -1.9489763e-03   4.3342081e-03  -4.3056005e-03   2.6157150e-03  -9.7198055e-04   1.9658759e-04  -3.8042156e-05
   1.0551870e-03  -2.8120178e-03   1.6241267e-04   4.6377843e-03  -2.0911776e-03  -3.3175648e-03   7.3911971e-03  -7.3586667e-03   4.4809484e-03  -1.6692893e-03   3.3864484e-04  -6.5720843e-05
   1.4518147e-03  -3.8695667e-03   2.2277432e-04   6.3971391e-03  -2.8880016e-03  -4.5898201e-03   1.0236629e-02  -1.0205883e-02   6.2242345e-03  -2.3226961e-03   4.7224106e-04  -9.1825556e-05
   1.8052355e-03  -4.8116447e-03   2.7614017e-04   7.9700730e-03  -3.6017820e-03  -5.7327766e-03   1.2796963e-02  -1.2773441e-02   7.8001208e-03  -2.9150235e-03   5.9381686e-04  -1.1564891e-04
   2.1174677e-03  -5.6435221e-03   3.2292872e-04   9.3628221e-03  -4.2347738e-03  -6.7486993e-03   1.5075493e-02  -1.5062338e-02   9.2076775e-03  -3.4452923e-03   7.0300953e-04  -1.3709153e-04
   2.3866404e-03  -6.3603311e-03   3.6298445e-04   1.0565651e-02  -4.7821683e-03  -7.6289378e-03   1.7051701e-02  -1.7050394e-02   1.0432210e-02  -3.9075001e-03   7.9845366e-04  -1.5586625e-04
   2.6106477e-03  -6.9565844e-03   3.9611589e-04   1.1568012e-02  -5.2388263e-03  -8.3644160e-03   1.8704246e-02  -1.8714764e-02   1.1458721e-02  -4.2955745e-03   8.7877503e-04  -1.7168719e-04
   2.7873800e-03  -7.4268059e-03   4.2212255e-04   1.2359633e-02  -5.5997807e-03  -8.9464703e-03   2.0012888e-02  -2.0033961e-02   1.2273183e-02  -4.6038668e-03   9.4270134e-04  -1.8429143e-04
   2.9150168e-03  -7.7662873e-03   4.4083116e-04   1.2931754e-02  -5.8608146e-03  -9.3677799e-03   2.0960563e-02  -2.0989912e-02   1.2863834e-02  -4.8276474e-03   9.8916744e-04  -1.9345973e-04
   2.9921729e-03  -7.9714570e-03   4.5211051e-04   1.3277759e-02  -6.0187487e-03  -9.6228385e-03   2.1534455e-02  -2.1569077e-02   1.3221859e-02  -4.9633748e-03   1.0173761e-03  -1.9902815e-04
   3.0179888e-03  -8.0400972e-03   4.5587943e-04   1.3393554e-02  -6.0716155e-03  -9.7082419e-03   2.1726645e-02  -2.1763073e-02   1.3341812e-02  -5.0088634e-03   1.0268344e-03  -2.0089567e-04
   2.9921725e-03  -7.9714564e-03   4.5211048e-04   1.3277758e-02  -6.0187487e-03  -9.6228385e-03   2.1534453e-02  -2.1569078e-02   1.3221858e-02  -4.9633747e-03   1.0173762e-03  -1.9902815e-04
   2.9150168e-03  -7.7662853e-03   4.4083113e-04   1.2931751e-02  -5.8608146e-03  -9.3677798e-03   2.0960565e-02  -2.0989917e-02   1.2863835e-02  -4.8276473e-03   9.8916759e-04  -1.9345973e-04
   2.7873822e-03  -7.4268063e-03   4.2212256e-04   1.2359635e-02  -5.5997807e-03  -8.9464703e-03   2.0012893e-02  -2.0033957e-02   1.2273181e-02  -4.6038667e-03   9.4270107e-04  -1.8429145e-04
   2.6106503e-03  -6.9565850e-03   3.9611597e-04   1.1568013e-02  -5.2388264e-03  -8.3644160e-03   1.8704255e-02  -1.8714763e-02   1.1458710e-02  -4.2955743e-03   8.7877482e-04  -1.7168714e-04
   2.3866414e-03  -6.3603377e-03   3.6298468e-04   1.0565643e-02  -4.7821683e-03  -7.6289378e-03   1.7051712e-02  -1.7050406e-02   1.0432192e-02  -3.9074998e-03   7.9845401e-04  -1.5586615e-04
   2.1174671e-03  -5.6435350e-03   3.2292910e-04   9.3628046e-03  -4.2347738e-03  -6.7486993e-03   1.5075507e-02  -1.5062364e-02   9.2076525e-03  -3.4452920e-03   7.0301047e-04  -1.3709138e-04
   1.8052354e-03  -4.8116566e-03   2.7614061e-04   7.9700548e-03  -3.6017821e-03  -5.7327766e-03   1.2796980e-02  -1.2773468e-02   7.8000866e-03  -2.9150233e-03   5.9381777e-04  -1.1564868e-04
   1.4518182e-03  -3.8695811e-03   2.2277477e-04   6.3971335e-03  -2.8880016e-03  -4.5898201e-03   1.0236648e-02  -1.0205892e-02   6.2241999e-03  -2.3226958e-03   4.7224107e-04  -9.1825403e-05
   1.0551910e-03  -2.8120266e-03   1.6241307e-04   4.6377752e-03  -2.0911776e-03  -3.3175648e-03   7.3912231e-03  -7.3586803e-03   4.4809232e-03  -1.6692891e-03   3.3864500e-04  -6.5720734e-05
   6.2587807e-04  -1.6664904e-03   9.6525220e-05   2.7373602e-03  -1.2317979e-03  -1.9489762e-03   4.3342204e-03  -4.3056191e-03   2.6156940e-03  -9.7198043e-04   1.9658769e-04  -3.8042094e-05
