  -4.6297567e-04   9.2683395e-04   3.5064041e-05  -1.2384903e-03   1.4492973e-03   1.5330329e-03  -2.9646184e-03   2.6782611e-03  -1.6534092e-03   7.0878420e-04  -1.6159455e-04   2.7165248e-07
  -7.8038874e-04   1.5635211e-03   5.9092571e-05  -2.0989878e-03   2.4598570e-03   2.6085825e-03  -5.0562511e-03   4.5772108e-03  -2.8323408e-03   1.2172937e-03  -2.7837994e-04   4.5585512e-07
  -1.0735224e-03   2.1510783e-03   8.1218695e-05  -2.8961107e-03   3.3963693e-03   3.6077671e-03  -7.0034890e-03   6.3480613e-03  -3.9341513e-03   1.6937646e-03  -3.8819941e-04   6.4549900e-07
  -1.3346153e-03   2.6742940e-03   1.0090214e-04  -3.6092321e-03   4.2347961e-03   4.5048092e-03  -8.7559121e-03   7.9449422e-03  -4.9301291e-03   2.1256598e-03  -4.8812062e-04   8.4301669e-07
  -1.5651919e-03   3.1361733e-03   1.1827049e-04  -4.2410388e-03   4.9779095e-03   5.3016768e-03  -1.0315659e-02   9.3685018e-03  -5.8197024e-03   2.5122653e-03  -5.7784486e-04   1.0474589e-06
  -1.7639014e-03   3.5340701e-03   1.3323206e-04  -4.7869826e-03   5.6201977e-03   5.9917544e-03  -1.1668599e-02   1.0604959e-02  -6.5935935e-03   2.8492130e-03  -6.5625398e-04   1.2505613e-06
  -1.9292193e-03   3.8649852e-03   1.4567686e-04  -5.2421488e-03   6.1557707e-03   6.5680874e-03  -1.2800050e-02   1.1640110e-02  -7.2423306e-03   3.1320890e-03  -7.2222530e-04   1.4407231e-06
  -2.0596159e-03   4.1259161e-03   1.5549211e-04  -5.6017557e-03   6.5789367e-03   7.0240293e-03  -1.3696098e-02   1.2460589e-02  -7.7570537e-03   3.3567903e-03  -7.7472087e-04   1.6052878e-06
  -2.1537711e-03   4.3142781e-03   1.6257930e-04  -5.8617273e-03   6.8848681e-03   7.3539638e-03  -1.4345018e-02   1.3055151e-02  -8.1303309e-03   3.5198831e-03  -8.1287269e-04   1.7324753e-06
  -2.2106803e-03   4.4281090e-03   1.6686304e-04  -6.0189825e-03   7.0699287e-03   7.5536676e-03  -1.4738002e-02   1.3415369e-02  -8.3565934e-03   3.6187974e-03  -8.3603158e-04   1.8128507e-06
  -2.2297206e-03   4.4661902e-03   1.6829624e-04  -6.0716155e-03   7.1318693e-03   7.6205298e-03  -1.4869610e-02   1.3536028e-02  -8.4324007e-03   3.6519474e-03  -8.4379623e-04   1.8403449e-06
  -2.2106801e-03   4.4281087e-03   1.6686298e-04  -6.0189821e-03   7.0699288e-03   7.5536676e-03  -1.4738000e-02   1.3415370e-02  -8.3565934e-03   3.6187973e-03  -8.3603159e-04   1.8128684e-06
  -2.1537711e-03   4.3142769e-03   1.6257926e-04  -5.8617258e-03   6.8848681e-03   7.3539639e-03  -1.4345019e-02   1.3055154e-02  -8.1303315e-03   3.5198830e-03  -8.1287278e-04   1.7325098e-06
  -2.0596175e-03   4.1259163e-03   1.5549218e-04  -5.6017569e-03   6.5789367e-03   7.0240294e-03  -1.3696101e-02   1.2460586e-02  -7.7570526e-03   3.3567901e-03  -7.7472062e-04   1.6053366e-06
  -1.9292211e-03   3.8649856e-03   1.4567715e-04  -5.2421493e-03   6.1557707e-03   6.5680875e-03  -1.2800055e-02   1.1640109e-02  -7.2423245e-03   3.1320888e-03  -7.2222509e-04   1.4407870e-06
  -1.7639021e-03   3.5340738e-03   1.3323276e-04  -4.7869791e-03   5.6201978e-03   5.9917545e-03  -1.1668606e-02   1.0604966e-02  -6.5935832e-03   2.8492127e-03  -6.5625419e-04   1.2506362e-06
  -1.5651914e-03   3.1361804e-03   1.1827160e-04  -4.2410310e-03   4.9779096e-03   5.3016769e-03  -1.0315668e-02   9.3685168e-03  -5.8196882e-03   2.5122650e-03  -5.7784551e-04   1.0475404e-06
  -1.3346152e-03   2.6743006e-03   1.0090345e-04  -3.6092241e-03   4.2347961e-03   4.5048093e-03  -8.7559227e-03   7.9449576e-03  -4.9301095e-03   2.1256596e-03  -4.8812125e-04   8.4310098e-07
  -1.0735249e-03   2.1510863e-03   8.1220022e-05  -2.8961082e-03   3.3963693e-03   3.6077672e-03  -7.0035011e-03   6.3480662e-03  -3.9341315e-03   1.6937644e-03  -3.8819936e-04   6.4557471e-07
  -7.8039161e-04   1.5635260e-03   5.9093726e-05  -2.0989838e-03   2.4598571e-03   2.6085825e-03  -5.0562676e-03   4.5772185e-03  -2.8323264e-03   1.2172935e-03  -2.7838001e-04   4.5591670e-07
  -4.6297701e-04   9.2683676e-04   3.5064840e-05  -1.2384848e-03   1.4492973e-03   1.5330329e-03  -2.9646262e-03   2.6782717e-03  -1.6533972e-03   7.0878406e-04  -1.6159459e-04   2.7169294e-07
