  -5.4361340e-04   1.3619234e-03  -1.2708251e-05  -1.9816842e-03   1.5491796e-03   2.0966318e-03  -3.4252340e-03   3.5825259e-03  -2.2673776e-03   8.1277577e-04  -1.3263455e-04   2.9478106e-05
  -9.1652592e-04   2.2978375e-03  -2.1344565e-05  -3.3582175e-03   2.6291108e-03   3.5674660e-03  -5.8421114e-03   6.1222819e-03  -3.8843162e-03   1.3959483e-03  -2.2850518e-04   5.0894634e-05
  -1.2610579e-03   3.1617153e-03  -2.9196464e-05  -4.6330875e-03   3.6297886e-03   4.9337788e-03  -8.0923986e-03   8.4904495e-03  -5.3955756e-03   1.9424547e-03  -3.1870414e-04   7.1072742e-05
  -1.5680622e-03   3.9311398e-03  -3.6070549e-05  -5.7733313e-03   4.5255757e-03   6.1603355e-03  -1.0117812e-02   1.0625719e-02  -6.7617327e-03   2.4379181e-03  -4.0082994e-04   8.9469405e-05
  -1.8392872e-03   4.6104664e-03  -4.2033749e-05  -6.7833186e-03   5.3194813e-03   7.2498530e-03  -1.1920762e-02   1.2529029e-02  -7.9819658e-03   2.8815044e-03  -4.7463041e-04   1.0601359e-04
  -2.0731064e-03   5.1957584e-03  -4.7084884e-05  -7.6558564e-03   6.0056447e-03   8.1933102e-03  -1.3484845e-02   1.4182022e-02  -9.0435295e-03   3.2681803e-03  -5.3917184e-04   1.2048877e-04
  -2.2676901e-03   5.6825680e-03  -5.1221898e-05  -8.3831704e-03   6.5777908e-03   8.9812215e-03  -1.4793011e-02   1.5565776e-02  -9.9334205e-03   3.5928546e-03  -5.9351202e-04   1.3267917e-04
  -2.4212066e-03   6.0664508e-03  -5.4441646e-05  -8.9576965e-03   7.0298488e-03   9.6045210e-03  -1.5829099e-02   1.6662487e-02  -1.0639481e-02   3.8507917e-03  -6.3677717e-04   1.4238629e-04
  -2.5320757e-03   6.3435840e-03  -5.6742220e-05  -9.3729881e-03   7.3566662e-03   1.0055548e-02  -1.6579487e-02   1.7457178e-02  -1.1151514e-02   4.0380268e-03  -6.6823475e-04   1.4944465e-04
  -2.5990953e-03   6.5110667e-03  -5.8122749e-05  -9.6241742e-03   7.5543607e-03   1.0328541e-02  -1.7033941e-02   1.7938629e-02  -1.1461884e-02   4.1515910e-03  -6.8733599e-04   1.5373053e-04
  -2.6215195e-03   6.5670976e-03  -5.8582958e-05  -9.7082419e-03   7.6205298e-03   1.0419940e-02  -1.7186139e-02   1.8099893e-02  -1.1565870e-02   4.1896521e-03  -6.9374119e-04   1.5516774e-04
  -2.5990949e-03   6.5110662e-03  -5.8122776e-05  -9.6241735e-03   7.5543607e-03   1.0328541e-02  -1.7033939e-02   1.7938631e-02  -1.1461884e-02   4.1515909e-03  -6.8733603e-04   1.5373052e-04
  -2.5320757e-03   6.3435823e-03  -5.6742227e-05  -9.3729858e-03   7.3566662e-03   1.0055548e-02  -1.6579489e-02   1.7457183e-02  -1.1151515e-02   4.0380268e-03  -6.6823489e-04   1.4944461e-04
  -2.4212085e-03   6.0664511e-03  -5.4441581e-05  -8.9576984e-03   7.0298487e-03   9.6045209e-03  -1.5829104e-02   1.6662483e-02  -1.0639478e-02   3.8507916e-03  -6.3677700e-04   1.4238626e-04
  -2.2676924e-03   5.6825685e-03  -5.1221695e-05  -8.3831713e-03   6.5777908e-03   8.9812214e-03  -1.4793018e-02   1.5565775e-02  -9.9334103e-03   3.5928545e-03  -5.9351191e-04   1.3267907e-04
  -2.0731073e-03   5.1957638e-03  -4.7084432e-05  -7.6558507e-03   6.0056446e-03   8.1933101e-03  -1.3484854e-02   1.4182033e-02  -9.0435128e-03   3.2681802e-03  -5.3917215e-04   1.2048862e-04
  -1.8392867e-03   4.6104769e-03  -4.2033044e-05  -6.7833061e-03   5.3194812e-03   7.2498529e-03  -1.1920774e-02   1.2529052e-02  -7.9819427e-03   2.8815043e-03  -4.7463116e-04   1.0601340e-04
  -1.5680620e-03   3.9311495e-03  -3.6069727e-05  -5.7733185e-03   4.5255756e-03   6.1603354e-03  -1.0117826e-02   1.0625743e-02  -6.7617013e-03   2.4379180e-03  -4.0083067e-04   8.9469145e-05
  -1.2610610e-03   3.1617270e-03  -2.9195631e-05  -4.6330835e-03   3.6297886e-03   4.9337787e-03  -8.0924147e-03   8.4904572e-03  -5.3955438e-03   1.9424546e-03  -3.1870420e-04   7.1072549e-05
  -9.1652935e-04   2.2978447e-03  -2.1343840e-05  -3.3582111e-03   2.6291108e-03   3.5674659e-03  -5.8421332e-03   6.1222939e-03  -3.8842930e-03   1.3959482e-03  -2.2850533e-04   5.0894489e-05
  -5.4361500e-04   1.3619275e-03  -1.2707749e-05  -1.9816754e-03   1.5491796e-03   2.0966317e-03  -3.4252443e-03   3.5825422e-03  -2.2673583e-03   8.1277574e-04  -1.3263465e-04   2.9478018e-05
