   8.6946209e-04  -1.8983766e-03  -1.7586801e-04   2.7253278e-03  -1.7123715e-03  -2.3229263e-03   5.1188760e-03  -4.5855820e-03   3.5317266e-03  -7.1798467e-04   2.8983204e-04  -1.4896466e-04
   1.4657993e-03  -3.2029049e-03  -2.9788017e-04   4.6177483e-03  -2.9066076e-03  -3.9537911e-03   8.7287028e-03  -7.8388784e-03   6.0477908e-03  -1.2353454e-03   4.9799848e-04  -2.5742929e-04
   2.0166674e-03  -4.4069985e-03  -4.1102819e-04   6.3700041e-03  -4.0135822e-03  -5.4696495e-03   1.2088312e-02  -1.0873955e-02   8.3977607e-03  -1.7216781e-03   6.9294756e-04  -3.5971539e-04
   2.5074497e-03  -5.4794163e-03  -5.1232115e-04   7.9368799e-03  -5.0048724e-03  -6.8312615e-03   1.5110947e-02  -1.3611924e-02   1.0520651e-02  -2.1639277e-03   8.6964629e-04  -4.5302595e-04
   2.9409646e-03  -6.4262363e-03  -6.0213817e-04   9.3245083e-03  -5.8836985e-03  -8.0413873e-03   1.7800614e-02  -1.6053519e-02   1.2415664e-02  -2.5609285e-03   1.0278025e-03  -5.3696356e-04
   3.3146355e-03  -7.2419787e-03  -6.7980965e-04   1.0523108e-02  -6.6434732e-03  -9.0897770e-03   2.0133196e-02  -1.8174795e-02   1.4063420e-02  -2.9077995e-03   1.1656389e-03  -6.1041104e-04
   3.6255623e-03  -7.9204515e-03  -7.4461123e-04   1.1522088e-02  -7.2771532e-03  -9.9656719e-03   2.2083598e-02  -1.9951115e-02   1.5444113e-02  -3.1996197e-03   1.2813531e-03  -6.7226516e-04
   3.8708404e-03  -8.4554667e-03  -7.9583770e-04   1.2311131e-02  -7.7779292e-03  -1.0658799e-02   2.3628015e-02  -2.1359310e-02   1.6539210e-02  -3.4318198e-03   1.3732691e-03  -7.2151655e-04
   4.0479644e-03  -8.8417016e-03  -8.3288741e-04   1.2881441e-02  -8.1400226e-03  -1.1160479e-02   2.4746379e-02  -2.2379899e-02   1.7333167e-02  -3.6005715e-03   1.4399833e-03  -7.5732656e-04
   4.1550284e-03  -9.0751171e-03  -8.5530549e-04   1.3226372e-02  -8.3590781e-03  -1.1464181e-02   2.5423615e-02  -2.2998284e-02   1.7814342e-02  -3.7030056e-03   1.4804451e-03  -7.7906951e-04
   4.1908500e-03  -9.1532054e-03  -8.6280989e-04   1.3341812e-02  -8.4324007e-03  -1.1565870e-02   2.5650410e-02  -2.3205427e-02   1.7975541e-02  -3.7373499e-03   1.4940052e-03  -7.8636050e-04
   4.1550278e-03  -9.0751165e-03  -8.5530529e-04   1.3226371e-02  -8.3590782e-03  -1.1464181e-02   2.5423612e-02  -2.2998285e-02   1.7814341e-02  -3.7030055e-03   1.4804451e-03  -7.7906955e-04
   4.0479644e-03  -8.8416992e-03  -8.3288730e-04   1.2881438e-02  -8.1400226e-03  -1.1160479e-02   2.4746381e-02  -2.2379904e-02   1.7333168e-02  -3.6005713e-03   1.4399834e-03  -7.5732664e-04
   3.8708435e-03  -8.4554672e-03  -7.9583800e-04   1.2311133e-02  -7.7779292e-03  -1.0658799e-02   2.3628021e-02  -2.1359306e-02   1.6539207e-02  -3.4318194e-03   1.3732688e-03  -7.2151675e-04
   3.6255658e-03  -7.9204522e-03  -7.4461234e-04   1.1522089e-02  -7.2771532e-03  -9.9656720e-03   2.2083608e-02  -1.9951113e-02   1.5444099e-02  -3.1996193e-03   1.2813528e-03  -6.7226511e-04
   3.3146369e-03  -7.2419862e-03  -6.7981224e-04   1.0523101e-02  -6.6434733e-03  -9.0897771e-03   2.0133209e-02  -1.8174808e-02   1.4063398e-02  -2.9077990e-03   1.1656392e-03  -6.1041081e-04
   2.9409637e-03  -6.4262508e-03  -6.0214227e-04   9.3244914e-03  -5.8836986e-03  -8.0413874e-03   1.7800630e-02  -1.6053545e-02   1.2415633e-02  -2.5609280e-03   1.0278035e-03  -5.3696315e-04
   2.5074495e-03  -5.4794298e-03  -5.1232595e-04   7.9368624e-03  -5.0048725e-03  -6.8312616e-03   1.5110966e-02  -1.3611951e-02   1.0520608e-02  -2.1639271e-03   8.6964724e-04  -4.5302525e-04
   2.0166722e-03  -4.4070148e-03  -4.1103305e-04   6.3699987e-03  -4.0135823e-03  -5.4696496e-03   1.2088334e-02  -1.0873963e-02   8.3977179e-03  -1.7216776e-03   6.9294753e-04  -3.5971496e-04
   1.4658047e-03  -3.2029149e-03  -2.9788440e-04   4.6177397e-03  -2.9066077e-03  -3.9537911e-03   8.7287332e-03  -7.8388919e-03   6.0477597e-03  -1.2353450e-03   4.9799861e-04  -2.5742900e-04
   8.6946462e-04  -1.8983824e-03  -1.7587093e-04   2.7253158e-03  -1.7123715e-03  -2.3229263e-03   5.1188903e-03  -4.5856006e-03   3.5317006e-03  -7.1798443e-04   2.8983212e-04  -1.4896450e-04
